#Data points for cluster: 0
273.000000 5.600000
274.000000 5.600000
275.000000 5.600000
276.000000 5.600000
277.000000 5.600000
278.000000 5.600000
279.000000 5.600000
280.000000 5.600000
281.000000 5.600000
282.000000 5.600000
283.000000 5.600000
284.000000 5.600000
285.000000 5.600000
286.000000 5.600000
287.000000 5.600000
288.000000 5.600000
289.000000 5.600000
290.000000 5.600000
291.000000 5.600000
292.000000 5.600000
293.000000 5.600000
294.000000 5.600000
295.000000 5.600000
296.000000 5.600000
297.000000 5.600000
298.000000 5.600000
299.000000 5.600000
300.000000 5.600000
301.000000 5.600000
302.000000 5.600000
303.000000 5.600000
304.000000 5.600000
305.000000 5.600000
306.000000 5.600000
307.000000 5.600000
308.000000 5.600000
309.000000 5.600000
310.000000 5.600000
311.000000 5.600000
312.000000 5.600000
313.000000 5.600000
314.000000 5.600000
315.000000 5.600000
316.000000 5.600000
317.000000 5.600000
318.000000 5.600000
319.000000 5.600000
320.000000 5.600000
321.000000 5.600000
322.000000 5.600000
323.000000 5.600000
324.000000 5.600000
325.000000 5.600000
326.000000 5.600000
327.000000 5.600000
328.000000 5.600000
329.000000 5.600000
330.000000 5.600000
331.000000 5.600000
332.000000 5.600000
333.000000 5.600000
334.000000 5.600000
335.000000 5.600000
336.000000 5.600000
337.000000 5.600000
338.000000 5.600000
339.000000 5.600000
340.000000 5.600000
341.000000 5.600000
342.000000 5.600000
343.000000 5.600000
344.000000 5.600000
345.000000 5.600000
346.000000 5.600000
347.000000 5.600000
348.000000 5.600000
349.000000 5.600000
350.000000 5.600000
351.000000 5.600000
352.000000 5.600000
353.000000 5.600000
354.000000 5.600000
355.000000 5.600000
356.000000 5.600000
357.000000 5.600000
358.000000 5.600000
359.000000 5.600000
360.000000 5.600000
361.000000 5.600000
362.000000 5.600000
363.000000 5.600000
364.000000 5.600000
365.000000 5.600000
366.000000 5.600000
367.000000 5.600000
368.000000 5.600000
369.000000 5.600000
370.000000 5.600000
371.000000 5.600000
372.000000 5.600000
373.000000 5.600000
374.000000 5.600000
375.000000 5.600000
376.000000 5.600000
377.000000 5.600000
378.000000 5.600000
379.000000 5.600000
380.000000 5.600000
381.000000 5.600000
382.000000 5.600000
383.000000 5.600000
384.000000 5.600000
385.000000 5.600000
386.000000 5.600000
387.000000 5.600000
388.000000 5.600000
389.000000 5.600000
390.000000 5.600000
391.000000 5.600000
392.000000 5.600000
393.000000 5.600000
394.000000 5.600000
395.000000 5.600000
396.000000 5.600000
397.000000 5.600000
398.000000 5.600000
399.000000 5.600000
400.000000 5.600000
401.000000 5.600000
402.000000 5.600000
403.000000 5.600000
404.000000 5.600000
405.000000 5.600000
406.000000 5.600000
407.000000 5.600000
408.000000 5.600000
409.000000 5.600000
410.000000 5.600000
